000
001
002
003
004
005
006
007
008
009
010
011
012
013
014
015
016
017
018
019
020
021
022
023
024
025
026
027
028
029
030
031
032
034
036
040
042
044
047
048
049
054
056
058
060
063
064
065
068
070
072
076
080
081
084
088
090
092
095
096
097
100
102
104
108
112
116
120
124
128
136
138
140
143
144
145
148
150
160
168
176
188
192
196
208
216
224
228
236
240
248
250
255
256
257
262
264
272
276
284
288
304
320
324
352
360
368
380
384
388
400
408
432
448
456
476
480
484
504
512
528
548
552
556
560
568
570
572
575
576
577
580
582
584
592
596
600
604
624
625
648
668
672
676
696
720
768
784
832
928
960
1000
