037
041
051
053
057
067
071
073
077
078
079
082
087
089
091
093
099
101
103
105
107
113
115
117
118
121
122
123
127
129
131
132
133
135
137
139
141
142
147
153
155
157
158
159
161
162
163
164
165
166
167
169
171
173
177
178
182
183
185
187
189
190
191
193
194
195
197
198
199
201
202
203
205
206
207
209
211
213
214
215
217
218
219
220
221
222
223
225
226
227
229
231
233
234
235
237
238
239
242
243
245
247
249
251
252
253
254
258
259
260
261
263
265
267
268
269
270
271
273
274
277
278
279
281
282
283
285
286
287
289
290
291
293
294
295
296
297
298
299
301
302
303
305
306
307
308
309
310
311
313
314
315
317
318
319
321
322
323
325
326
327
328
329
330
331
332
333
334
335
337
338
339
340
341
342
343
344
345
346
347
348
349
350
351
353
354
355
356
357
358
359
361
362
363
364
365
366
367
369
370
371
372
373
374
376
377
378
379
381
382
383
385
386
387
389
390
391
392
393
394
395
396
397
398
399
401
402
403
404
405
406
407
409
410
411
412
413
414
415
416
417
418
419
421
422
423
424
425
426
427
428
429
430
431
433
434
435
436
437
438
439
441
442
443
444
445
446
447
449
451
452
453
454
455
457
458
459
460
461
462
463
465
466
467
469
470
471
473
474
475
477
478
479
481
482
483
485
486
487
489
490
491
492
493
494
495
496
497
498
499
500
501
502
503
505
506
507
508
509
510
511
513
514
515
517
518
519
520
521
522
523
524
525
526
527
529
530
531
533
534
535
536
537
538
539
540
541
542
543
544
545
546
547
549
550
551
553
554
555
557
558
559
561
562
563
564
565
567
569
571
573
574
578
579
581
583
585
587
588
589
590
591
593
594
595
597
598
599
601
602
603
605
606
607
608
609
610
611
612
613
614
615
617
618
619
621
622
623
626
627
628
629
631
632
633
634
635
637
638
640
641
642
643
645
646
647
649
651
652
653
654
655
656
657
658
659
661
662
663
665
666
667
669
670
671
673
674
675
677
678
679
680
681
682
683
684
685
686
687
688
689
690
691
693
694
695
697
698
699
701
702
703
705
706
707
708
709
711
713
715
717
718
722
723
725
727
729
731
732
733
734
735
737
738
739
741
742
743
745
746
747
749
750
751
752
753
754
755
756
757
758
759
760
761
762
763
765
766
767
769
770
771
772
773
774
775
776
777
778
779
781
782
783
785
786
787
788
789
790
791
792
793
794
795
796
797
798
799
800
801
802
803
804
805
806
807
808
809
810
811
812
813
814
815
817
818
819
820
821
822
823
824
825
826
827
828
829
830
831
833
834
835
836
837
838
839
841
842
843
844
845
846
847
848
849
850
851
852
853
854
855
856
857
858
859
860
861
862
863
865
866
867
868
869
870
871
872
873
874
875
876
877
878
879
881
882
883
884
885
886
887
888
889
890
891
892
893
894
895
896
897
898
899
901
902
903
904
905
906
907
908
909
910
911
912
913
914
915
916
917
918
919
920
921
922
923
924
925
926
927
929
930
931
932
933
934
935
936
937
938
939
940
941
942
943
944
945
946
947
948
949
950
951
952
953
954
955
956
957
958
959
961
962
963
964
965
966
967
968
969
970
971
972
973
974
975
977
978
979
980
981
982
983
984
985
986
987
988
989
990
991
992
993
994
995
996
997
998
999
