000
001
002
003
004
005
006
007
008
009
010
011
012
013
014
015
016
017
018
019
020
021
022
023
024
025
026
027
028
029
030
031
032
033
034
035
036
038
039
040
042
043
044
045
046
047
048
049
050
052
054
055
056
058
059
060
061
062
063
064
065
066
068
069
070
072
074
075
076
080
081
083
084
085
086
088
090
092
094
095
096
097
098
100
102
104
106
108
109
110
111
112
114
116
119
120
124
125
126
128
130
134
136
138
140
143
144
145
146
148
149
150
151
152
154
156
160
168
170
172
174
175
176
180
188
192
196
200
208
210
212
216
224
228
230
232
236
240
241
244
246
248
250
255
256
257
262
264
266
272
275
276
280
284
288
300
304
316
320
324
336
352
360
368
375
380
384
388
400
408
420
432
440
448
456
468
472
476
480
484
488
504
512
516
528
532
548
552
556
560
566
568
570
572
575
576
577
580
582
584
586
592
596
600
604
616
620
624
625
630
636
639
644
648
650
664
668
672
676
696
700
704
720
768
784
816
832
864
880
928
960
1000
