000
001
002
003
004
005
006
007
008
009
010
011
012
013
014
015
016
017
018
019
020
021
022
023
024
025
026
027
028
029
030
031
032
033
034
035
036
037
038
039
040
041
042
043
044
045
046
047
048
049
050
051
052
054
055
056
057
058
059
060
061
062
063
064
065
066
067
068
069
070
072
074
075
076
078
079
080
081
082
083
084
085
086
088
089
090
092
094
095
096
097
098
099
100
101
102
103
104
105
106
108
109
110
111
112
114
115
116
117
118
119
120
121
122
123
124
125
126
127
128
129
130
131
132
133
134
135
136
137
138
140
141
142
144
146
148
150
152
154
155
156
158
159
160
161
162
164
165
166
168
169
170
172
174
176
178
180
182
184
185
186
188
190
192
194
196
198
200
202
204
206
208
210
212
214
216
220
222
224
225
226
228
230
231
232
234
236
238
240
242
244
245
246
247
248
250
251
252
254
255
256
257
258
260
261
262
264
266
268
270
272
274
275
276
278
280
281
282
284
285
286
288
289
290
292
296
298
300
304
308
310
312
314
316
318
320
322
324
326
328
330
334
336
338
340
350
352
356
360
364
368
375
380
384
386
390
392
394
395
396
398
400
401
402
404
405
406
408
410
412
414
416
418
420
424
425
426
428
430
432
434
436
438
440
441
442
444
446
448
450
454
456
460
464
468
474
479
480
482
483
484
485
486
487
488
490
491
492
493
494
495
496
497
499
500
502
503
504
505
507
508
510
511
512
513
514
516
517
520
522
528
529
532
540
544
560
576
600
608
609
615
616
620
621
623
624
625
626
627
629
630
632
635
636
638
639
640
641
642
644
645
648
650
656
660
665
666
672
674
676
678
680
686
688
692
694
700
702
704
706
708
714
720
729
734
736
740
768
776
784
792
800
810
830
832
840
841
864
880
888
890
896
900
912
924
926
946
950
952
958
960
963
964
965
966
967
968
969
970
972
973
974
976
978
980
982
984
985
986
988
989
990
991
992
994
995
996
998
999
1000
