267
275
283
297
313
317
373
389
393
407
413
417
434
438
442
444
446
447
453
454
458
459
470
471
472
473
476
477
479
483
485
491
493
497
499
535
537
541
555
556
558
562
567
569
570
573
575
581
582
583
587
589
594
601
603
613
617
618
619
622
631
637
639
643
645
647
653
654
659
663
665
667
669
683
685
695
709
711
714
717
721
723
726
728
730
732
735
746
747
749
750
752
753
755
758
759
761
762
763
765
766
767
769
771
772
773
775
777
779
783
785
787
789
791
793
797
803
807
809
811
813
827
829
833
849
854
858
862
866
867
868
869
873
874
875
876
878
881
883
885
889
891
892
894
895
897
906
908
909
911
912
914
917
918
921
922
923
926
927
929
931
933
934
935
937
938
939
941
942
943
944
947
948
949
952
953
955
958
962
966
967
969
970
973
975
976
978
981
982
983
985
987
989
993
995
997
