053
071
073
077
087
091
093
107
113
139
143
145
147
149
151
153
157
163
167
171
173
175
177
179
181
183
187
189
191
193
195
197
199
201
203
205
207
209
211
213
215
217
218
219
221
223
227
229
233
235
237
239
241
243
249
253
259
263
265
267
269
271
273
277
279
283
287
291
293
294
295
297
299
301
302
303
305
306
307
309
311
313
315
317
319
321
323
325
327
329
331
332
333
335
337
339
341
342
343
344
345
346
347
348
349
351
353
354
355
357
358
359
361
362
363
365
366
367
369
370
371
372
373
374
376
377
378
379
381
382
383
385
387
388
389
391
393
397
399
403
407
409
411
413
415
417
419
421
422
423
427
429
431
433
435
437
439
443
445
447
449
451
452
453
455
457
458
459
461
462
463
465
466
467
469
470
471
472
473
475
476
477
478
481
489
498
501
506
509
515
518
519
521
523
524
525
526
527
530
531
533
534
535
536
537
538
539
541
542
543
545
546
547
548
549
550
551
552
553
554
555
556
557
558
559
561
562
563
564
565
566
567
568
569
570
571
572
573
574
575
577
578
579
580
581
582
583
584
585
586
587
588
589
590
591
592
593
594
595
596
597
598
599
601
602
603
604
605
606
607
610
611
612
613
614
617
618
619
622
628
631
633
634
637
643
646
647
649
651
652
653
654
655
657
658
659
661
662
663
664
667
668
669
670
671
673
675
677
679
681
682
683
684
685
687
689
690
691
693
695
696
697
698
699
701
703
705
707
709
710
711
712
713
715
716
717
718
719
721
722
723
724
725
726
727
728
730
731
732
733
735
737
738
739
741
742
743
744
745
746
747
748
749
750
751
752
753
754
755
756
757
758
759
760
761
762
763
764
765
766
767
769
770
771
772
773
774
775
777
778
779
780
781
782
783
785
786
787
788
789
790
791
793
794
795
796
797
798
799
801
802
803
804
805
806
807
808
809
811
812
813
814
815
816
817
818
819
820
821
822
823
824
825
826
827
828
829
831
833
834
835
836
837
838
839
842
843
844
845
846
847
848
849
850
851
852
853
854
855
856
857
858
859
860
861
862
863
865
866
867
868
869
870
871
872
873
874
875
876
877
878
879
881
882
883
884
885
886
887
889
891
892
893
894
895
897
898
899
901
902
903
904
905
906
907
908
909
910
911
913
914
915
916
917
918
919
920
921
922
923
925
927
928
929
930
931
932
933
934
935
936
937
938
939
940
941
942
943
944
945
947
948
949
951
953
954
955
956
957
959
961
962
971
975
977
979
981
983
987
993
997
