000
001
002
003
004
005
006
007
008
009
010
011
012
013
014
015
016
017
018
019
020
021
022
023
024
025
026
027
028
029
030
031
032
033
034
035
036
037
038
039
040
041
042
043
044
045
046
047
048
049
050
051
052
053
054
055
056
057
058
059
060
061
062
063
064
065
066
067
068
069
070
071
072
073
074
075
076
077
078
079
080
081
082
083
084
085
086
087
088
089
090
091
092
093
094
095
096
097
098
099
100
101
102
103
104
105
106
107
108
109
110
111
112
114
115
116
118
119
120
121
122
123
124
125
126
127
128
129
130
131
132
133
134
135
136
137
138
139
140
141
142
143
144
145
146
147
148
149
150
151
152
153
154
155
156
157
158
159
160
161
162
163
164
165
166
167
168
169
170
171
172
173
174
175
176
178
179
180
181
182
184
185
186
187
188
189
190
191
192
193
194
195
196
197
198
199
200
201
202
203
204
206
208
209
210
212
213
214
215
216
217
218
219
220
221
222
223
224
225
226
227
228
229
230
231
232
234
235
236
237
238
239
240
241
242
243
244
245
246
248
249
250
251
252
254
255
256
257
258
259
260
261
262
263
264
265
266
267
268
269
270
271
272
273
274
275
276
277
278
279
280
281
282
283
284
285
286
287
288
289
290
291
292
293
294
295
296
297
298
299
300
301
302
303
304
305
306
307
308
309
310
311
312
313
314
315
316
317
318
319
320
321
322
323
324
325
326
328
329
330
331
332
334
335
336
337
338
340
342
344
345
346
348
350
351
352
354
356
357
358
359
360
361
362
363
364
365
366
368
369
370
371
372
373
374
375
376
377
378
379
380
381
382
383
384
385
386
387
388
389
390
391
392
394
396
398
399
400
402
404
406
408
410
412
414
416
418
420
421
422
424
425
426
427
428
430
431
432
433
434
435
436
437
438
439
440
441
442
443
444
445
446
447
448
449
450
451
452
453
454
455
456
458
459
460
462
464
465
466
468
470
472
474
475
476
477
478
479
480
481
482
484
485
486
488
490
491
492
494
495
496
497
498
499
500
501
502
503
504
505
507
508
510
511
512
513
514
516
517
518
519
520
522
524
525
526
528
529
530
532
534
536
538
539
540
541
542
544
545
546
547
548
550
551
552
553
554
555
556
557
558
559
560
561
562
563
564
565
566
567
568
569
570
571
572
573
574
575
576
577
578
579
580
581
582
583
584
585
586
587
588
589
590
591
592
593
594
595
596
597
598
599
600
601
602
603
604
605
606
607
608
609
610
611
612
613
614
615
616
618
620
621
622
623
624
625
626
627
628
629
630
632
634
635
636
638
640
641
642
644
645
646
647
648
649
650
651
652
653
655
656
657
658
660
661
662
664
666
667
668
670
672
674
675
676
678
680
682
684
686
688
690
692
694
696
700
701
702
704
708
710
712
714
716
718
719
720
721
722
724
725
726
727
728
730
731
732
734
736
738
740
742
744
745
746
748
749
750
751
752
754
755
756
758
760
764
766
768
770
772
774
775
776
778
780
782
784
786
788
790
792
794
795
796
800
801
804
806
808
810
812
814
816
818
820
822
825
826
828
830
832
834
836
840
841
842
844
846
848
849
850
852
854
856
858
859
860
861
862
863
864
865
866
867
868
869
870
871
872
874
875
876
877
878
879
880
881
882
884
886
888
890
892
894
896
898
900
902
904
906
908
910
912
916
920
922
924
925
928
932
936
940
944
948
949
950
951
952
956
958
960
961
962
964
968
970
972
976
980
984
988
990
992
994
996
998
999
1000
