113
117
177
183
205
207
211
233
247
253
327
333
339
341
343
347
349
353
355
367
393
395
397
401
403
405
407
409
411
413
415
417
419
423
429
457
461
463
467
469
471
473
483
487
489
493
506
509
515
521
523
527
531
533
535
537
543
549
617
619
631
633
637
639
643
654
659
663
665
669
671
673
677
679
681
683
685
687
689
691
693
695
697
698
699
703
705
706
707
709
711
713
715
717
723
729
733
735
737
739
741
743
747
753
757
759
761
762
763
765
767
769
771
773
777
779
781
783
785
787
789
791
793
797
798
799
802
803
805
807
809
811
813
815
817
819
821
823
824
827
829
831
833
835
837
838
839
843
845
847
851
853
855
857
873
883
885
887
889
891
893
895
897
899
901
903
905
907
909
911
913
914
915
917
918
919
921
923
926
927
929
930
931
933
934
935
937
938
939
941
942
943
945
946
947
953
954
955
957
959
963
965
966
967
969
971
973
974
975
977
978
979
981
982
983
985
986
987
989
991
993
995
997
